0.0000000
0.0024846
0.0099138
0.0222136
0.0392619
0.0608892
0.0868806
0.1169778
0.1508816
0.1882551
0.2287269
0.2718947
0.3173295
0.3645798
0.4131759
0.4626350
0.5124653
0.5621719
0.6112605
0.6592433
0.7056436
0.7500000
0.7918718
0.8308429
0.8665259
0.8985663
0.9266454
0.9504844
0.9698463
0.9845386
0.9944154
0.9993785
0.9993785
0.9944154
0.9845386
0.9698463
0.9504844
0.9266454
0.8985663
0.8665259
0.8308429
0.7918718
0.7500000
0.7056436
0.6592433
0.6112605
0.5621719
0.5124653
0.4626350
0.4131759
0.3645798
0.3173295
0.2718947
0.2287269
0.1882551
0.1508816
0.1169778
0.0868806
0.0608892
0.0392619
0.0222136
0.0099138
0.0024846
0.0000000
